Webots Project File version R2023b
perspectives: 000000ff00000000fd000000020000000100000317000002f3fc0200000001fb0000001400540065007800740045006400690074006f00720100000016000002f30000008700ffffff0000000300000780000000d9fc0100000001fb0000001a0043006f006e0073006f006c00650041006c006c0041006c006c0100000000000007800000006900ffffff00000467000002f300000001000000020000000100000008fc00000000
simulationViewPerspectives: 000000ff0000000100000002000002020000051e0100000002010000000100
sceneTreePerspectives: 000000ff00000001000000030000001e000000c0000000fa0100000002010000000200
maximizedDockId: -1
centralWidgetVisible: 1
orthographicViewHeight: 1
textFiles: 0 "controllers/third_challenge_controller/third_challenge_controller.py" "protos/BallNStand.proto"
consoles: Console:All:All
renderingDevicePerspectives: robot:CameraArm_camera;0;5.5625;0.00176367;0.14843
